-0.002432,
-0.002432,
-0.002432,
-0.002432,
-0.002651,
-0.002651,
-0.002651,
-0.002651,
0.004070,
0.004070,
0.004070,
0.004070,
0.005623,
0.005623,
0.005623,
0.005623,
-0.009037,
-0.009037,
-0.009037,
-0.009037,
-0.012305,
-0.012305,
-0.012305,
-0.012305,
0.018538,
0.018538,
0.018538,
0.018538,
0.024254,
0.024254,
0.024254,
0.024254,
-0.034582,
-0.034582,
-0.034582,
-0.034582,
-0.044472,
-0.044472,
-0.044472,
-0.044472,
0.061798,
0.061798,
0.061798,
0.061798,
0.081046,
0.081046,
0.081046,
0.081046,
-0.115567,
-0.115567,
-0.115567,
-0.115567,
-0.168351,
-0.168351,
-0.168351,
-0.168351,
0.295124,
0.295124,
0.295124,
0.295124,
0.896813,
0.896813,
0.896813,
0.896813,
0.896813,
0.896813,
0.896813,
0.896813,
0.295124,
0.295124,
0.295124,
0.295124,
-0.168351,
-0.168351,
-0.168351,
-0.168351,
-0.115567,
-0.115567,
-0.115567,
-0.115567,
0.081046,
0.081046,
0.081046,
0.081046,
0.061798,
0.061798,
0.061798,
0.061798,
-0.044472,
-0.044472,
-0.044472,
-0.044472,
-0.034582,
-0.034582,
-0.034582,
-0.034582,
0.024254,
0.024254,
0.024254,
0.024254,
0.018538,
0.018538,
0.018538,
0.018538,
-0.012305,
-0.012305,
-0.012305,
-0.012305,
-0.009037,
-0.009037,
-0.009037,
-0.009037,
0.005623,
0.005623,
0.005623,
0.005623,
0.004070,
0.004070,
0.004070,
0.004070,
-0.002651,
-0.002651,
-0.002651,
-0.002651,
-0.002432,
-0.002432,
-0.002432,
-0.002432